  1.00000   2.00000   3.00000   4.00000   5.00000   6.00000   7.00000   8.00000   9.00000  10.00000  11.00000  12.00000  13.00000  14.00000 

  3.00000   3.00000   3.00000   3.00000   3.00000   3.00000   3.00000   3.00000   3.00000   3.00000   3.00000   3.00000   3.00000   3.00000 

  0.00000   0.00000   0.00000   0.00000   0.00000   0.00000   0.00000   0.00000   0.00000   0.00000   0.00000   0.00000   0.00000   0.00000 

  0.03770   0.07039   0.10414   0.13071   0.15926   0.20133   0.22095   0.24230   0.28490   0.30998   0.34383   0.37235   0.40489   0.45434 

  0.03094   0.06099   0.09123   0.11692   0.14043   0.17819   0.19639   0.21868   0.25137   0.27441   0.30388   0.33054   0.35538   0.39983 

  0.00676   0.00940   0.01291   0.01380   0.01883   0.02314   0.02456   0.02362   0.03353   0.03557   0.03995   0.04181   0.04951   0.05452 

  0.00186   0.00227   0.00267   0.00276   0.00501   0.00577   0.00571   0.00452   0.00781   0.00799   0.00875   0.00846   0.01088   0.01176 

