  1.00000   2.00000   3.00000   4.00000   5.00000   6.00000   7.00000   8.00000   9.00000  10.00000  11.00000  12.00000  13.00000  14.00000 

  3.00000   3.00000   3.00000   3.00000   3.00000   3.00000   3.00000   3.00000   3.00000   3.00000   3.00000   3.00000   3.00000   3.00000 

  0.00000   0.00000   0.00000   0.00000   0.00000   0.00000   0.00000   0.00000   0.00000   0.00000   0.00000   0.00000   0.00000   0.00000 

  0.02161   0.04301   0.05775   0.06781   0.08481   0.10160   0.11720   0.14307   0.15457   0.17772   0.18373   0.20132   0.22366   0.23656 

  0.01750   0.03643   0.05000   0.06059   0.07502   0.09033   0.10429   0.12811   0.13643   0.15673   0.16288   0.17942   0.19706   0.20851 

  0.00412   0.00658   0.00774   0.00722   0.00979   0.01127   0.01291   0.01496   0.01814   0.02099   0.02084   0.02190   0.02660   0.02805 

  0.00105   0.00146   0.00148   0.00135   0.00255   0.00268   0.00288   0.00279   0.00423   0.00464   0.00442   0.00424   0.00594   0.00596 

