  1.00000   2.00000   3.00000   4.00000   5.00000   6.00000   7.00000   8.00000   9.00000  10.00000  11.00000  12.00000  13.00000  14.00000 

  2.00000   2.00000   2.00000   2.00000   2.00000   2.00000   2.00000   2.00000   2.00000   2.00000   2.00000   2.00000   2.00000   2.00000 

  0.00000   0.00000   0.00000   0.00000   0.00000   0.00000   0.00000   0.00000   0.00000   0.00000   0.00000   0.00000   0.00000   0.00000 

  0.05840   0.05535   0.06803   0.08333   0.10141   0.12057   0.16157   0.17782   0.21220   0.23701   0.26541   0.29248   0.34024   0.36903 

  0.04415   0.04489   0.05419   0.06722   0.07842   0.09252   0.11689   0.12722   0.14312   0.15762   0.16716   0.18161   0.19829   0.21104 

  0.01425   0.01046   0.01384   0.01611   0.02300   0.02805   0.04469   0.05060   0.06908   0.07940   0.09825   0.11087   0.14195   0.15799 

  0.00932   0.00614   0.00836   0.00897   0.01402   0.01636   0.02744   0.02998   0.04356   0.04940   0.06372   0.07164   0.09597   0.10613 

