  1.00000   2.00000   3.00000   4.00000   5.00000   6.00000   7.00000   8.00000   9.00000 

  2.00000   2.00000   2.00000   2.00000   2.00000   2.00000   2.00000   2.00000   2.00000 

  1.00000   1.00000   1.00000   1.00000   1.00000   1.00000   1.00000   1.00000   1.00000 

 68.61600  88.87900  90.27800 110.13400 147.26900 188.65000 244.08700 273.38000 334.02900 

 16.03500  20.31300  24.74000  31.85500  51.41800  70.67200 105.39000 123.60800 168.16800 

 52.58100  68.56600  65.53800  78.27900  95.85100 117.97800 138.69700 149.77200 165.86100 

